9
97
010100101 1
000111000 1
101001010 1
001000110 1
011101011 1
100011101 1
100110110 1
111001101 1
010001100 1
011001111 1
001000000 1
000100111 1
111000111 1
101000101 1
000101101 1
101001100 1
010001001 1
000010100 1
110011010 1
101100010 1
111010011 1
100101000 1
001001000 1
010111010 1
010110111 1
010100110 1
101000100 1
100110001 1
110110110 1
000001101 1
110010010 1
001011011 1
001000101 1
011011100 1
010100001 1
100110000 1
111111010 1
111010111 1
011111101 1
010000110 1
010100111 1
100111101 1
010101110 1
001101110 1
010000011 1
011011011 1
110111011 1
100001100 1
011101111 1
101010101 1
001101110 1
011000010 1
001111101 1
010110110 1
101111100 1
100110100 1
101011100 1
011000001 1
001100101 1
100010010 1
011001110 1
111110111 1
101101101 1
100010011 1
011010100 1
000001110 1
001000100 1
011001110 1
111100101 1
101000001 1
101010100 1
010001100 1
001111111 1
000000010 1
011111011 1
100000010 1
011011110 1
010110110 1
000001110 1
111001101 1
000001011 1
001111100 1
010010000 1
010001001 1
100110010 1
000001100 1
110111101 1
010001110 1
011001101 1
000100011 1
110100000 1
110011011 1
000011010 1
100001101 1
010101111 1
011101110 1
100011011 1
